973906883537920001
1214149876641980416
1214132416308080640
1213895342917214209
1213844769350152198
1213823540266323968
1213811463036395520
1213783758777700352
1213764753845186560
1213757403897810946
1213741312324751366
1213741254149689346
1213740551788363776
1213739239193464832
1213717701425651712
1213694199419133953
1213684117310595072
1213679669205065728
1213658042664800256
1213472711319515137
1213451983425654784
1213446673235509250
1213442625807646722
1213441668193509378
1213414540253130754
1213383525665132544
1213365187815698432
1213361066635382784
1213344269840211969
1213340964082733056
1213335957845340160
1213330121571987456
1213311925255208960
1213299844556574721
1213276130280538112
1213157346001600512
1213114569658224640
1213108766616342528
1213106452211982337
1213092249640194049
1213087649843433473
1213086328365039617
1213075187916103681
1213071500980310016
1213068581023277058
1213063871885266944
1213038614210154496
1213035001308045313
1213033825837572103
1213026627539615745
1213024767281745922
1213022717080850432
1213018840881188864
1212986148479356930
1212973149635039233
1212966666256039936
1212961492946997248
1212960080540381187
1212954285673046016
1212941018665848832
1212935960792428545
1212918467130621953
1212916789991968768
1212907381039853570
1212898168985096193
1212871267956727808
1212847105875705856
1212832222148849665
1212804235428945920
1212780539238731777
1212778420058218496
1212765734180413440
1212753143857078272
1212742487296491525
1212740519505215490
1212732676727177217
1212732456383602688
1212730978302488576
1212727279698137088
1212726246037020674
1212725935176220677
1212711817698349057
1212706890737565697
1212698950693580800
1212692871091896320
1212682425735643136
1212681480066912256
1212673560306540545
1212654847461228544
1212639889365164034
1212636398244622338
1212636189762547712
1212635926460952577
1212632594740846593
1212589100496146433
1212582767159984130
1212577035404492801
1212545659552727041
1212545604867387392
1212536316715421697
1212496476720394240
1212442347977330689
1212368016375087104
1212357866528489473
1212350337610215426
1212348577122406400
1212328526289887232
1212325581125083137
1212318039921717255
1212315076197146625
1212291893226196992
1212287310521225216
1212278234005458944
1212276112413224965
1212276067890692096
1212267296942481408
1212265631585730561
1212243215245463552
1212241139215949824
1212227871252475910
1212213081385791488
1212204294998499328
1212197847501697024
1212193856613044224
1212185754723422208
1212167979741237248
1212163245621952512
1212156148402421761
1212132543329271809
1212077892143738880
1212048274355474432
1212040607717183488
1212032559921516546
1212032307164368898
1212027726346932224
1212026125469155328
1212025273266425861
1212023896951660547
1211991649112350720
1211975185206611968
1211969093533782016
1211954409078263808
1211952526611771392
1211949877409615873
1211942242392297478
1211934998678228992
1211851649460793344
1211672435369492481
1211282857844338690
1211245738891440134
1211224081481293827
1211221028073918464
1211201124037849089
1211158070761377792
1211153474928275457
1211058110829170688
1211000889684586496
1210923579044327425
1210916015820820480
1210901299685756929
1210883760930996224
1210865591503839232
1210549676253933574
1210549533580517376
1210517507485814784
1210500285266685952
1210497741693915136
1210485472193077248
1210473142168121344
1210472860474494977
1210461438218657792
1210434792426110976
1210417567040360453
1210332243584901121
1210251443694784512
1210250865564454912
1210204704270999554
1210198597779652614
1210193064179851264
1210185588420182016
1210172783793037313
1210158309853892608
1210143499145756672
1210127235908132864
1210111662675521536
1210111421993742337
1210093677135032320
1210077600640430080
1210048061264687110
1210030135883096065
1210011152740048898
1209998190797131776
1209993976918376448
1209991752246910976
1209986018385874944
1209980479950082048
1209966783894970368
1209964450100346880
1209915054713233409
1209908424558829568
1209866797115039744
1209858842890080258
1209847511080325121
1209841673464729605
1209837869650468864
1209796658608787458
1209789140012687360
1209785287376662528
1209782102339637249
1209780825983614982
1209773354619506688
1209772844999045120
1209771358822887425
1209762882566537217
1209751028330987520
1209746073536868352
1209716675609681920
1209681786621415425
1209680379273084928
1209677812426104832
1209676297917452288
1209675890633801728
1209672713087811584
1209671867637751809
1209670850816831489
1209669625597743105
1209661240546455553
1209619118724284416
1209609210272436225
1209606965594226690
1209606644956401664
1209591775217643521
1209572423567151104
1209531314652598272
1209505074583494658
1209503919509893120
1209503163314626561
1209502726175875073
1209472349357010947
1209469953897721857
1209468365896421376
1209467638755102720
1209464540502450178
1209462920737775618
1209461369969340416
1209459239707529218
1209457532881629185
1209442157741797380
1209439856893427714
1209437814531620866
1209435338969513984
1209434001506627584
1209430101042925568
1209429688583520261
1209428933264850944
1209428531416944640
1209421572353617921
1209418711066542083
1209416074719981569
1209406506430414850
1209394138065424384
1209391511130886145
1209389010524590081
1209387676488495105
1209368706876203008
1209354126498226177
1209325055710121984
1209314721628688384
1209301083207553027
1209231309786058752
1209138967032954880
1209127396974067713
1209089016265490432
1209077774364733440
1209073907405189120
1209053647897681920
1209049003096018944
1209045124291776513
1209034862390235136
1209027627073171458
1209009688718663680
1208950853622587392
1208887344947843072
1208834300835033088
1208833773741068288
1208779393729908737
1208768607582216192
1208763422122266630
1208748610415808512
1208742288215572480
1208739222628122626
1208730301687463936
1208717427183239170
1208708315577896960
1208690317404209157
1208689179372032001
1208688821409181697
1208672539641139202
1208668102688309248
1208667273784725504
1208665621870759937
1208661804613697536
1208622548524527616
1208619259556818944
1208598579025084416
1208595202119614464
1208587597909393409
1208578902458691584
1208576558752923649
1208415269372055553
1208409927024181249
1208406799231127555
1208403821564747776
1208401961705443329
1208401759313580032
1208398580215623681
1208381307375349760
1208379049543753728
1208378905247092739
1208377866305490944
1208374879013072897
1208372091818430464
1208356671816224768
1208352681556946944
1208347054335905793
1208346884755968000
1208343884071223297
1208342175911530497
1208341963977547777
1208341624075382784
1208337973751582721
1208336703334674432
1208333536337350656
1208327954343706624
1208327600617050112
1208326811131629568
1208326183193989120
1208324021286096896
1208320412527890432
1208319195169116163
1208308402725642240
1208305537659465728
1208296053616697344
1208289283313823744
1208276428724133889
1208273517474545665
1208247014481252353
1208236820317655040
1208223591847743488
1208217316632055808
1208209560265089024
1208201098307063814
1208193033428058113
1208189038462504966
1208165347536146432
1208147003349164032
1208068907455504384
1208058413722157057
1208051556282535936
1208047022789427200
1208035086253191168
1208031737801932801
1208025254645223424
1208024435023704064
1208017921806483456
1208015509003763714
1208008420193792000
1207994874022121472
1207983868965314560
1207982652063547392
1207958248336158720
1207949513563889664
1207948966966358016
1207941062058102786
1207920890748395520
1207854121396494338
1207840080355659777
1207810328576159745
1207786605483679745
1207728547755786240
1207713496495837184
1207693535308181504
1207693060345171976
1207691318337495041
1207682419756654592
1207681024345493512
1207674196685443073
1207669354705379328
1207665892831612928
1207665032986685440
1207662667927715841
1207661499050680321
1207661279415955456
1207660953610833920
1207659319237304320
1207655487405092864
1207654148226699265
1207651414597496832
1207638560779583488
1207638326359932928
1207637209198678016
1207631241995927553
1207630605426380801
1207623020275093504
1207616651241242625
1207616013124034560
1207615596189208576
1207610419226923014
1207608773860151296
1207605068276518912
1207602013883658247
1207591640522604545
1207584103920332800
1207576069416472577
1207572154994188288
1207566201427070976
1207548572876435456
1207523753225154560
1207514823627395073
1207499754420105216
1207374827746578432
1207355171094708224
1207311047800938497
1207310892817215489
1207306137181151232
1207290035122212865
1207286235074482176
1207276580935856138
1207275751873007617
1207274739607068673
1207272016903983104
1207270190678855681
1207269864299098112
1207269478087589888
1207262023303610368
1207255209749053440
1207251910744403968
1207244629852086272
1207243830736510976
1207222519314272256
1207220368227758080
1207177668744990720
1207177527153684480
1207155708883394562
1207142107028193280
1207141032237756416
1207135047595085829
1207110806330052609
1207089826157084674
1207069082962415616
1207065446182055936
1207045964944404481
1207025998740344832
1207016291229286400
1207002069841825792
1206994902262931462
1206968652924248065
1206964024308424704
1206964010983116800
1206957309252919297
1206956422073729026
1206954905283354625
1206939792623063040
1206937164656730113
1206931166332276737
1206926402613739520
1206923562205892613
1206894931823878144
1206893356493623296
1206890252062691334
1206875566491631617
1206870618303414275
1206865339486633985
1206861886597128194
1206845203153223680
1206815459699355648
1206771013578457088
1206762397534285824
1206750108710080516
1206741629094072321
1206725742643404802
1206718824944267264
1206629322196303872
1206620094278717440
1206611906384891904
1206580260700950529
1206571544194867201
1206568763820146691
1206560492157693952
1206550328801292289
1206550273906245633
1206528970667122690
1206517526407966720
1206516340321742849
1206514593901600768
1206511490615795713
1206499508898521089
1206491400549744640
1206475583674171392
1206475243566428160
1206447052718108677
1206440583541092354
1206430889820819456
1206412832733941760
1206407809513865216
1206392359828647938
1206388476339347456
1206349589738975232
1206347886859931648
1206321629497704448
1206265777403228160
1206262139612061696
1206239641050865664
1206236969912520711
1206227944449826818
1206225134337413120
1206222748638334982
1206221864961339392
1206211814796582918
1206208679399133186
1206205797568376833
1206192795045650433
1206187071141904386
1206182769849589760
1206178323476307968
1206170925248348160
1206170640077619200
1206170459470843904
1206167123422150656
1206167035043991553
1206164900382294018
1206162991659409408
1206160631105081346
1206155015972216832
1206154060547514369
1206152260264185856
1206151081044013056
1206138781859893248
1206137099151265792
1206135756973998080
1206131775635804160
1206129051951173632
1206127920378306561
1206124272357273600
1206117124210450432
1206117033034670081
1206105923623649280
1206097585733111809
1206089659983417344
1206078853707259905
1206053221145276417
1206051908730773505
1206001386644598784
1205987271582765057
1205980326431879168
1205970345758355457
1205911042087247872
1205878408174956544
1205870184168181761
1205858968192503808
1205845299131899905
1205826914457284608
1205825451546988544
1205817990358241285
1205804368244510720
1205802556280184833
1205795914851291136
1205793490921066496
1205792307888287744
1205784586615017472
1205778337215311873
1205777160830504961
1205772856157597696
1205766645437714432
1205748368338640896
1205740929241341957
1205727956905029633
1205727122062364672
1205725397658193921
1205694638222299136
1205693792596066304
1205688607119269890
1205681514177953792
1205678427660963840
1205653932380278787
1205549600251138048
1205538913822990336
1205513113987997696
1205510270358941696
1205504252061179904
1205495056678834176
1205489709926895619
1205488514374103040
1205486999169142784
1205479413900435456
1205464555469492224
1205452698423681024
1205452298362638336
1205444978798776320
1205435968318136321
1205416902769569792
1205414372849246208
1205412092003545088
1205403711704449024
1205375489965060096
1205328967126831107
1205151881472794624
1205129521860530176
1205120373550809088
1205093846331224065
1205087780608458752
1205076428359757825
1205065063595270144
1205063893606780928
1205057313255485440
1205027900296089600
1205002578070650880
1205000351251718144
1204974382642188288
1204960660179697664
1204940806177484800
1204904903732125701
1204897543831748608
1204886208649678848
1204880597304279040
1204861084559007745
1204844502722048000
1204834772050014208
1204813744456396800
1204807712330006528
1204802302151778304
1204795189795049474
1204783950628941825
1204779361653493760
1204754684889616384
1204753854283186176
1204731023172362240
1204727194410307584
1204725326984572928
1204722089615167488
1204721946790752261
1204717329960980480
1204716193929519104
1204706476494770176
1204706404184936450
1204697935390203904
1204695279888257024
1204693936591163392
1204686855704178688
1204674376542519310
1204650468510580736
1204614980454113281
1204599785920978944
1204598305998553088
1204435804275138561
1204401039455084547
1204397439563649031
1204381367204601857
1204371845329248256
1204371059132125185
1204363086590660608
1204362406878568449
1204361348685037568
1204360596734402562
1204347867160178689
1204344757633212416
1204342752294490114
1204340214585417728
1204326022113452032
1204320703308189696
1204316748696018945
1204310735272038400
1204305251982954496
1204299401155334145
1204293615557545984
1204288736801853440
1204286722160250880
1204268869457629184
1204237326014042112
1204226800563306502
1204210464248365057
1204166442347712514
1204155257846034433
1204152195618197504
1204053855740157953
1204049162808913921
1204045765208727552
1204045657184489472
1204041240179642369
1204033521913741313
1204031794426724354
1204024757714243588
1204021052684161024
1204020311865188352
1203997992295882752
1203997073428713477
1203995983194943489
1203995677706993664
1203994089382744064
1203969868174774273
1203968302881505280
1203964364732022784
1203957613483847680
1203950140794388482
1203733141770264578
1203693185605570560
1203642969653309441
1203636380842127361
1203635472741699589
1203629945999675392
1203627591967498241
1203626482695729153
1203626206458892288
1203623064539299841
1203621892684279809
1203621481113980928
1203620332134756352
1203619649885102081
1203616443603963904
1203612311325310982
1203607658642542592
1203606252644777984
1203605333265960960
1203598315729772546
1203590120097476608
1203588244996124672
1203584375117373440
1203583480166113280
1203566688593039360
1203566552554991617
1203562604230111232
1203516941098536960
1203468338698940416
1203446627404402690
1203421825465610240
1203411882255646720
1203315653823696897
1203309970994761734
1203299931806556160
1203291430396973058
1203263582042873856
1203261467765530624
1203256641027657728
1203227282019500034
1203224491343544320
1203204031675453441
1203192587793813505
1203174656355651584
1203151881083572228
1203134767417327621
1203028960491081728
1202981504248205312
1202929539820556288
1202923308821336064
1202921333400621057
1202899505076563968
1202897505031049216
1202895767721000961
1202891803269062659
1202890433946218497
1202890196083081217
1202884858625740800
1202873299333574657
1202847175949967360
1202811313056960512
1202784791533211648
1202705595138076672
1202661824765710336
1202644687258996736
1202613782746300417
1202610166023090176
1202602032554627072
1202587892461137921
1202584036259979267
1202569612216324097
1202559038845681664
1202549110026276869
1202548477713993728
1202546241768493058
1202542864632139776
1202522907303272448
1202479080035110912
1202291196388761601
1202283458921238529
1202250055916220416
1202235217525690368
1202211729033138177
1202211048247267328
1202196776201015297
1202175816496340992
1202162794482651141
1202148052502335488
1202145623207636993
1202142334281891840
1202137213502251009
1202086894743564288
1201955481247305729
1201950579360067584
1201942157063442437
1201941200841764864
1201938721345425408
1201847473888587776
1201832071515082752
1201827064791195648
1201803370656231424
1201786054933508096
1201785713378783234
1201765441380614146
1201681839947075585
1201503428469354496
1201492029173166081
1201479028042940417
1201474281764339715
1201464787785277441
1201460321023447041
1201449688680914944
1201447595735826432
1201438761172684800
1201438595266924544
1201431347018887168
1201417944552443904
1201373958055976960
1201342322228641792
1201336257730662405
1201311703415214080
1201300941384769536
1201276799008661504
1201232453202956288
1201226620847050752
1201224420628422656
1201209261809782785
1201201546630815744
1201180611173441536
1201176788853870592
1201176025356357633
1201174559883350016
1201147156125478919
1201124282257956865
1201124104067117063
1201118908448509952
1201118340963389440
1201118003254841344
1201116900496855041
1201112220857290753
1201110656310579202
1201107411555106817
1201100779295084544
1201099202522050560
1201095473517359104
1201093379523629056
1201090479586045952
1201086615520604161
1201084152717557760
1201082465130958848
1201073725900120067
1201071681046888449
1201063684727926784
1201053710882766849
1201051842051899392
1201039303591088129
1201025340459470849
1201016652814413824
1201010245897609216
1201005559891161090
1200998958815793153
1200995551564533761
1200978481271586817
1200896736614502400
1200800520220266496
1200799341486592000
1200798461517385729
1200791554366902278
1200773930711040002
1200768019305091073
1200762510149746689
1200703886782156802
1200699618457051136
1200693927914790912
1200692929192349696
1200638066672590849
1200637790242799616
1200637546058829826
1200636277030211589
1200627730779230208
1200626606068264961
1200621459497869315
1200617572737044481
1200611011176226816
1200610586041577472
1200591198659866624
1200454394010947584
1200442333474410496
1200432479909244928
1200430423781732357
1200429463328026624
1200421909923368961
1200414476693983232
1200413305694638081
1200412336260931584
1200409435509669889
1200406349919600641
1200405423364464640
1200373503477706752
1200367104358150144
1200359222107463682
1200346877847203840
1200345472616939520
1200335851076481026
1200328567248179200
1200262592809226240
1200091279784210432
1200088926154657792
1200087015271755783
1200074169959866368
1200063961455976449
1200051174688165888
1200048883750989826
1200044866173992960
1200036025973628928
1200033228960088064
1200030314279555072
1200030111036084225
1200028700084850688
1200022408465240064
1200006228933406720
1200002243786760193
1199999455925129217
1199996881796915200
1199994453034819586
1199969709484957697
1199964835363950593
1199933579695800320
1199931592677814272
1199921224458981376
1199905481260597248
1199890233036165120
1199885044816306176
1199828097903685632
1199781430592565249
1199690952002035712
1199650649262051328
1199610834558713856
1199571021314965505
1199570415397396481
1199465095467651072
1199368328206155777
1199358068259090433
1199357313817014272
1199325676920115200
1199324793494896640
1199320891064111104
1199308476243070976
1199304441670725632
1199293809533669376
1199290583988129792
1199280302448730117
1199280126669676546
1199276334955909120
1199275265815273474
1199275019307642882
1199274277356232706
1199272276236984320
1199270983875457024
1199268808692645888
1199266715105779714
1199249466013839360
1199245955754672128
1199240460830572544
1199237890569433088
1199223436544888833
1199166537107554304
1199137458983559169
1199131310477828098
1199102465037099008
1199099616978857985
1199092943803412480
1199085076648120320
1199057121150566400
1199044724998324224
1199011716647936004
1198994393983672320
1198992261872271361
1198989321383997441
1198986240831279104
1198986168320151552
1198981973546393601
1198968277604503554
1198966196705476609
1198961793395118080
1198949415643279368
1198946878659842049
1198943799453446145
1198933975034560512
1198931080771817473
1198928269971607557
1198925797626544128
1198924440861495296
1198923037665415168
1198920997987962880
1198919775621005313
1198913860817735680
1198909353513779200
1198908940945199106
1198906279114113024
1198905950666547200
1198905445475221506
1198903735272951808
1198902348812144641
1198901272478277632
1198896560408391680
1198896371996061696
1198890739419140097
1198890107249426432
1198887882401800192
1198865618587381760
1198845355577577472
1198843873788739586
1198843812480606209
1198780326346031104
1198779213853024257
1198738389752676352
1198732982367899648
1198730923409195008
1198719156985581568
1198704813153800192
1198669303211421697
1198660208827875329
1198659370847916032
1198638899016290305
1198632009473544192
1198628311309545473
1198615621484699649
1198597085437689856
1198588573181603841
1198588296919539712
1198579090023829504
1198576543833788421
1198569785975398400
1198569780237627393
1198550897892020226
1198541911205695488
1198539878817882114
1198534988259422214
1198533224479113217
1198525563566092288
1198517408580825089
1198515966033813505
1198506327091232768
1198474943090118658
1198342286729338880
1198336325457285120
1198322766895730688
1198309839308328960
1198308587207979008
1198307832392609792
1198303646510792705
1198289388406394881
1198278158920732674
1198265904863178752
1198245069058236416
1198244593474473985
1198241900580364288
1198224209459044352
1198217482898591744
1198213512620732416
1198184468965552128
1198174204748713984
1198170761506111488
1198154577960300544
1198154352008937474
1198151130322100224
1198150855305777153
1198147967355510784
1198145188121608192
1198135063805751297
1198111845443227648
1198105450945765376
1198098981940711424
1198094874651660288
1198093960687677440
1198088762867118082
1198084571335516160
1198076917678628864
1198075281543548928
1198067116378738688
1198058082317688832
1198051931756748805
1198027090026811392
1198008146628759552
1197985318713978880
1197964018905862145
1197934600888012806
1197927456423870464
1197911048235311104
1197908782036045824
1197905425951121408
1197892117881745413
1197890544099196928
1197886126482083840
1197878869535031298
1197875322823118848
1197871914729033728
1197868748578836480
1197868095903129604
1197855081573470208
1197849943127420928
1197848941804449793
1197847541481537542
1197846109659418632
1197840345062465537
1197837976228655105
1197834571145867266
1197830863855050752
1197827967713308673
1197819941551919104
1197818121072963585
1197811202006474753
1197806047462715393
1197803557103128576
1197797937490710528
1197793041957867521
1197787994616299526
1197786291485597696
1197784973106765824
1197772103757393920
1197766737384468480
1197750646402732032
1197749233807347712
1197735146159345664
1197723978288128000
1197714974388322304
1197703958514417665
1197695631558529024
1197694660690337792
1197691114322423808
1197659298970472448
1197649952291225600
1197562973868318726
1197557498087010305
1197547097077121027
1197540509423525889
1197540110561972224
1197533629833986050
1197532988910850048
1197532239996899329
1197529099310436358
1197520606331228160
1197514870519844866
1197505661174566912
1197504686108004353
1197482253065965572
1197477552274599937
1197474562704674816
1197471447041507328
1197460253173936129
1197408684155891712
1197395515911987201
1197359583146065920
1197357562338758656
1197355109119737856
1197348333347409920
1197342203674103808
1197337686270300160
1197337615134932992
1197330190755454977
1197320503909707776
1197298593444462592
1197253820658540544
1197248504181084160
1197219410466881537
1197210915730407424
1197210257614721024
1197206663482114048
1197193239528275969
1197186832858898434
1197180656788205568
1197180056851767298
1197177774487695360
1197168222153273348
1197165454826979328
1197155620371062784
1197150953561972737
1197148060771471361
1197141880804298753
1197140316240760835
1197137589288878081
1197137247515987968
1197136855491211264
1197135455134699521
1197130462604357632
1197128319906402304
1197125455008026624
1197120782096199680
1197116769049051136
1197111557735366656
1197111547287326720
1197111110257659906
1197107741568815104
1197107606717792256
1197104235831148544
1197102038552739840
1197101217584795648
1197101102514073600
1197095824699707392
1197095783104778240
1197084629032820736
1197077864891346946
1197069780559093760
1197065022490284032
1197057227414130688
1197045650250010624
1197024705305182209
1197009005064802304
1196993738087624704
1196991473759076352
1196988186162974720
1196976227564707841
1196971498109652993
1196963835589976064
1196944579058163714
1196940207146196992
1196934796095586304
1196931275862331392
1196927404544942081
1196917516490031104
1196867644021821440
1196841487687766016
1196840948707147776
1196835121002713088
1196829591177850880
1196827567874965504
1196813206166982658
1196787949184045056
1196784429542174720
1196784154295201793
1196781537884139521
1196780424581632000
1196779219218358274
1196766048348864513
1196757811658518528
1196755983667580929
1196754803126235136
1196744002860568576
1196742533818093568
1196737989331734529
1196735868230193152
1196735555880378368
1196729245948493826
1196725618835984389
1196724393906302976
1196712543051321344
1196707284790829059
1196705345348853760
1196704023295905792
1196689208905093121
1196685200589119490
1196671569591853062
1196659644136996864
1196629898296643585
1196627263325757440
1196620135018053632
1196616724088418304
1196609371326697473
1196609091398799362
1196599569720594432
1196596295168753665
1196589585041485824
1196574357444677632
1196563574170308609
1196539824611577856
1196539335253749760
1196527452111032320
1196507129399504896
1196500470279233536
1196480452141301760
1196478422618271744
1196464503518482432
1196462311004721153
1196456126469902336
1196449614045401090
1196448108638437376
1196445059731738624
1196436825096589312
1196433907802968064
1196417898605993985
1196413148678348801
1196405047623467008
1196393897502691328
1196393892721168385
1196390223338303488
1196390075413618688
1196389704767115265
1196386200090640386
1196383826890510336
1196380132253913089
1196378363893403648
1196375283021967360
1196373102793388033
1196371071336714240
1196368839878963200
1196357804153458693
1196346271868473346
1196342265850974208
1196337627005243392
1196331734133952512
1196329097175003136
1196325224951640064
1196322686932176896
1196297137048281088
1196283123547295745
1196282344593747968
1196270918110076930
1196257641288200193
1196254867070652416
1196248736403345409
1196209326014091265
1196208249432727553
1196205452645654528
1196187778318340097
1196166762472960001
1196156760253288449
1196138744673271808
1196137989195190272
1196137894651416576
1196136102072946688
1196135886317948929
1196111413766283264
1196105391421001728
1196098324756983808
1196096170235351041
1196092899718356992
1196085670525067264
1196085614048768002
1196079347020398594
1196074911795576832
1196074095424573440
1196072912320466944
1196069867549364224
1196067407657226240
1196062980745465857
1196057718626361344
1196056845011439623
1196055070434947072
1196052437477421056
1196048605091467265
1196047105560760320
1196046537677164544
1196045401729552386
1196040887303716870
1196036702785007624
1196036602268504064
1196034855659692033
1196034428813791232
1196032837280923649
1196031951406161925
1196030466874200069
1196029717964476416
1196028157712687104
1196027581142667266
1196026801807482881
1196025078195994625
1196024702180847616
1196021577499869184
1196020926279630848
1196020399651164160
1196020168587038722
1196012262282031105
1196005990144983040
1196005725677375489
1196005420906663936
1196003544156950528
1196002862511226880
1196001628697980929
1195996343543590913
1195993728118214656
1195993357220114433
1195989926472339456
1195989482194927616
1195988226554527744
1195984492093042688
1195969176503865345
1195968439644372992
1195951547542228992
1195951295141515265
1195939105651052544
1195929843491205120
1195899659585064961
1195858372819468290
1195805780106039296
1195724724673773569
1195720001040183297
1195710131796791296
1195697639313920002
1195690597618577408
1195684467014135811
1195683585849790464
1195679233382567936
1195677485880397824
1195670004810665985
1195664889676587008
1195660282162364416
1195654369632370690
1195644540406784000
1195638337769328640
1195635082653888512
1195632508852830208
1195632185329340416
1195631623540133888
1195621632707973120
1195614886564257792
1195614190041321472
1195604497961107457
1195599562183860224
1195579335081484289
1195537484328980481
1195530602402832384
1195527549855526912
1195527125685567488
1195518482307092480
1195518237322051585
1195517260607016961
1195504907580608512
1195486165551370240
1195485328338870272
1195479332057014274
1195473504784617472
1195470032601354240
1195467493910831105
1195460844370292736
1195459899192270848
1195455160027250689
1195451797931823104
1195448042482098177
1195433470203318272
1195432642348347393
1195430689820168192
1195421756254609408
1195410540761210880
1195386031383515137
1195384343524306944
1195379191698427904
1195377203275419648
1195370700137041920
1195369810567131141
1195356363146383361
1195338865541709825
1195332249840836609
1195330033281159169
1195329610549850112
1195325374273478656
1195321876429430784
1195319249176104965
1195311822611468289
1195310249575473152
1195304799912116225
1195302792333643776
1195302310756249600
1195296848342212608
1195295589099020288
1195295479073927168
1195294131045552128
1195293255253934082
1195288861468839937
1195287214877339648
1195280492431429633
1195275602548277248
1195270723029192704
1195268252034711552
1195267234198740996
1195265731593555968
1195260581508308996
1195260404710006784
1195232474613211137
1195232407361712128
1195216285333745664
1195216054961635328
1195198503632293888
1195188266598686721
1195187083461025792
1195180370192289793
1195166460592578560
1195145783848271873
1195145039132815365
1195132433370247169
1195130058274308098
1195048939336032256
1195007272369344512
1195005077049602053
1194994380504883200
1194994104683253760
1194993725350404096
1194988734275436547
1194985644063248388
1194980451472949249
1194979442306584576
1194970805148377088
1194964474836316160
1194956351434190848
1194946365685583872
1194935908006424576
1194935870362550272
1194934861561073665
1194934681138892801
1194918259654414336
1194912153599262720
1194897008114290688
1194894512239202304
1194887714673348610
1194878626312753153
1194853958520459264
1194843732090093568
1194831321140326402
1194823981691363328
1194786592809832449
1194760630885994496
1194759044277256192
1194749439904075777
1194712054906728449
1194694829734690816
1194686797294424064
1194679786792079360
1194676907893092352
1194674572370382849
1194661882138808320
1194643124678610946
1194640794855989248
1194632968020512768
1194630375898632194
1194622240932818944
1194613844649242624
1194612468951048192
1194608607603544065
1194601226114961411
1194600783473328129
1194593754583199744
1194586784610443264
1194583876485533697
1194579937895698432
1194575799443062785
1194505325920964609
1194501303013011457
1194493045103706112
1194480634170757120
1194444405987397632
1194430720019615744
1194415017774309376
1194372574227992576
1194305934228508672
1194305487417692161
1194301273736003584
1194296733494214656
1194294047503872000
1194289368854188032
1194284664791257089
1194282356309282816
1194275881717338113
1194274438809698305
1194273080580792320
1194268918694563841
1194268459955212289
1194266675035590656
1194243450733883393
1194218590188138496
1194211158468648960
1194209152265932802
1194208649599520768
1194207157895327744
1194206735675740162
1194199427793051648
1194199220040826880
1194195410824257538
1194194825358168064
1194192934599397376
1194191663419150336
1194191069446987777
1194190360303398913
1194188968360677376
1194185803104051200
1194176051393355776
1194174608326287360
1194173505325035520
1194162438058364929
1194148034533134336
1194142191444058112
1194134223357038594
1194116485079109634
1194115392500690944
1194112953710190592
1194109877033062401
1194030952151998465
1194023458486636544
1193950417970814976
1193940482000207872
1193934784558317570
1193908036659638272
1193905797039673345
1193896778212315141
1193894844428505094
1193890632122503168
1193889656728735744
1193882613817069568
1193880615898120193
1193877291324960768
1193871922758475776
1193870326674812928
1193867468734783489
1193865922554953728
1193862046799953922
1193857256263049219
1193845889288175617
1193845172452245505
1193844971897417728
1193842553243799552
1193841935233900546
1193837771317604352
1193835054750826498
1193831237141401601
1193827801654161410
1193824447972569088
1193802704163725312
1193774656135712768
1193750798506713088
1193726265951281152
1193721803945889792
1193670931492655104
1193629166731546624
1193629128588578816
1193624220971888640
1193596644131921920
1193592497928208384
1193586231096926208
1193561476235055104
1193556443246415872
1193555964839878657
1193554910878433285
1193551275280887809
1193548198133940225
1193545743602110464
1193545496977035265
1193544228980191232
1193543917385306112
1193542501145047051
1193536304690057216
1193535637812461574
1193529226667839491
1193526451900862465
1193522545812627457
1193520111199514624
1193517917108764673
1193511712109940736
1193507327388700672
1193506566567149569
1193504786517131264
1193503649193852928
1193500518611439621
1193499534099243008
1193499114413051904
1193496877066358785
1193496067217584128
1193493227443146753
1193490166737817602
1193485592526385153
1193484089044586501
1193479763349757953
1193476119246200832
1193470762381762560
1193469641797951489
1193468570774040577
1193468310223851520
1193461632329863168
1193458896574140416
1193453654381957120
1193450157188116480
1193450133087633408
1193449397280882689
1193448339573886977
1193447698914893824
1193440712865411072
1193440031597195265
1193435693009162240
1193434792768860160
1193433328868720640
1193423866556637185
1193420598715662336
1193412169733308417
1193408127216967685
1193367837290586112
1193363666554343424
1193362880407584769
1193344954824720384
1193344103305494530
1193342381866672129
1193324834282864640
1193319150225018880
1193315347996168192
1193285963272736770
1193285176660357120
1193279393272958976
1193265858971226113
1193250381523865601
1193245595860815872
1193239298549501957
1193223852416851968
1193203227438632960
1193196537590861824
1193193254247780352
1193189242697965569
1193181525220581376
1193179108865236993
1193177086170521605
1193176064735866880
1193173148507656192
1193172383604961280
1193167151739195393
1193162776069328896
1193159828853575681
1193159253541830657
1193157372417429504
1193151780076417024
1193149918837239808
1193143241098444801
1193141700979388421
1193136539640795136
1193135223694708738
1193132388920053760
1193132216668184581
1193130130027106304
1193129007086047232
1193128888693477379
1193122353741352960
1193121849212731393
1193121658774515713
1193121051569459200
1193118844883099648
1193117011624153088
1193116268582191104
1193107982386524160
1193107479325859840
1193107390096265216
1193107344642560000
1193106204785926144
1193104326429822977
1193094641291165698
1193094111399567360
1193091745577238528
1193087426580729857
1193086935952060417
1193083876463112192
1193080559821447169
1193079642892034049
1193076395938725890
1193075994283765760
1193071009630306304
1193070055287709696
1193068853762281473
1193067799045795841
1193056977527529472
1193055540093390848
1193045804837195776
1193019474913325056
1193018437594836993
1193016921202946048
1193014526569897984
1193006459144921088
1193001836678017024
1193001386159616000
1192994414827687937
1192993459918893056
1192991300817055745
1192987050082848769
1192985889338621953
1192933755335389184
1192923890399363072
1192920230827159553
1192888368767520769
1192886715586768896
1192883235216220160
1192880291989164032
1192861043380248576
1192850620874493952
1192847698270928896
1192842859872784385
1192840355080593408
1192833365390413824
1192831261674356736
1192830565998743557
1192830507446194176
1192824220633444353
1192824191319465986
1192819042962300933
1192817107605577732
1192814592847691776
1192812817956704256
1192812519905210369
1192810475530194951
1192808058730139650
1192806038392590336
1192804839815667712
1192803540126728193
1192802001265913857
1192800890186452992
1192798832184061953
1192797384792666113
1192797165623508992
1192795870825074688
1192791604957827072
1192785145608040448
1192784547068297216
1192782627368914944
1192782513686503429
1192781854056697856
1192781637492232192
1192778933462159360
1192778688015659009
1192778687977934853
1192778435203977216
1192775138460065792
1192772491350953985
1192772248773386241
1192769196335095808
1192768671472480256
1192766874695524352
1192766234963480577
1192764378589741057
1192764227045359617
1192762893541888001
1192762351881093120
1192760528852013056
1192759417646673920
1192759290571837440
1192759099982639104
1192758662588248066
1192758322627256321
1192758140644651008
1192757576418545666
1192756860203388929
1192756690212421637
1192755193185624064
1192754641789804544
1192753636717154305
1192750840148135936
1192750405081452544
1192749807187529728
1192749595240984576
1192747557803282432
1192746041436602368
1192743975360221184
1192743653107593216
1192739559487918080
1192739461525753857
1192738194397130752
1192734529858916352
1192731492583034881
1192728804021567488
1192728607606525952
1192728512987357190
1192727899356291072
1192725382203494400
1192721417235828737
1192719898419453953
1192719363293372416
1192718565046022150
1192717667569827840
1192716902419746817
1192707861995933697
1192706020281241601
1192704584814231552
1192697261190332418
1192695054357258240
1192688632441659392
1192684423700975617
1192681324282183680
1192674034476937217
1192663262875115521
1192657755716243456
1192650468654120960
1192647967716433920
1192646099036622849
1192645322582806529
1192644526910799879
1192641019491143680
1192640205351636992
1192634799741001728
1192633218987479040
1192627227969511430
1192625029244047360
1192624617514356736
1192623635208396803
1192620608539938817
1192601804007018496
1192577470354120709
1192567785806712832
1192549485974474752
1192510982922235904
1192503424287301632
1192495869116870656
1192492807149309955
1192470428452675586
1192468638650863616
1192460504419094529
1192454696067194880
1192453275078942721
1192449002182021121
1192448966295576577
1192446894431076352
1192446618039017472
1192445057023889409
1192444893387350016
1192443956870541312
1192437859858305024
1192437815834890240
1192433291577581568
1192430452876791808
1192429092664037377
1192424228689072128
1192420328489668608
1192417015769616384
1192416440223092736
1192414616438992897
1192412367469985797
1192409983796670465
1192401025392492544
1192393899840393217
1192391563218837505
1192389907232149505
1192389572295921664
1192383736337190912
1192381283843723266
1192378832151437312
1192376736320647169
1192369465813454848
1192353718965948416
1192352022500016128
1192350976105046016
1192349128220528640
1192348873735340033
1192346213648982016
1192344678789550081
1192339753993003009
1192325809924538368
1192290479271923712
1192279107221897216
1192271762609729536
1192260759297724416
1192259813431857152
1192243490173833217
1192233069282902016
1192225734179246080
1192221120834834433
1192219990801305603
1192121700457959424
1192120655828774912
1192106557862862850
1192101530498846720
1192096653387284481
1192086520494080000
1192076533982056448
1192073184117321728
1192072979187785728
1192071494278369281
1192064086441222145
1192049526825086976
1192049356481814528
1192048340994707456
1192046320594239488
1192043948195213313
1192042779850919936
1192036750350114816
1192032891460440065
1192019742309007360
1191992103246548992
1191992016441208832
1191987815199805441
1191984421613658113
1191962805978763265
1191936811716816896
1191912982042693632
1191880112322441217
1191825513796358144
1191759708484333574
1191758519558500353
1191751931040944128
1191748215638376448
1191731044237692928
1191719714021466112
1191717266716364801
1191713397173145602
1191709707003518976
1191703990951526400
1191685350545973248
1191675752636276736
1191670776073576451
1191669750209712128
1191664183403696128
1191663647648432129
1191658994672099328
1191657486778085376
1191656192046583809
1191648163020460032
1191647509019381761
1191647449133174784
1191634197275795457
1191586941684174848
1191570975126507520
1191537189265403906
1191524939817308160
1191506056561606657
1191501773057323008
1191499827168694277
1191492962196189184
1191485596247543809
1191477218951589889
1191422686871711744
1191415776256749570
1191412177246121987
1191408662473924608
1191393878055612416
1191393241209245696
1191389226530566144
1191383185378070528
1191381386214592512
1191376144102129665
1191366398271840256
1191355619460014085
1191351367002013697
1191351317689597953
1191348836951715840
1191346765762424833
1191345609959018496
1191342259288993798
1191341749131567105
1191340578035732485
1191330460720226304
1191328641478606850
1191320376241844230
1191320249817108480
1191320166782525441
1191315070636019712
1191314365372235779
1191309643005300736
1191299646821285888
1191298883759919105
1191298609855090689
1191296162654896128
1191293315083169793
1191288326440939520
1191283845695299584
1191283658071498752
1191282640776642560
1191278912153772032
1191273888958664705
1191268906872098817
1191266850304184320
1191263847446769664
1191261057567772672
1191257354269941760
1191254254452760577
1191250577776205824
1191250161449570304
1191249939537416192
1191248931264458752
1191243967246897152
1191243163484057600
1191241260859678721
1191239543074148352
1191233894848184320
1191233501841899520
1191212580640935936
1191205794848493568
1191205249752526849
1191200691504631808
1191200452114665472
1191197472606932992
1191194422098051073
1191191698451251200
1191165149840732160
1191163585151389696
1191150912493850624
1191149758078828544
1191145717479301120
1191105430828617728
1191040328817467392
1191030795395198978
1191020854999568386
1190990750286135307
1190989944497438720
1190981853202632705
1190980678705221633
1190980462132334595
1190979533630894081
1190976588436791296
1190968571913879552
1190966360571932672
1190948203677417472
1190944570080579584
1190942605246263296
1190942411460972544
1190941949894615040
1190940185803907073
1190932750695460865
1190931851130466304
1190928057814548480
1190925385828954112
1190918379328008193
1190916872494972928
1190909482630438917
1190897449939812354
1190881401656070144
1190879466144223232
1190876072381861888
1190856747721752577
1190845643926851584
1190816444780404736
1190807833295478784
1190793538063089664
1190778689161588736
1190715519399124992
1190705100970311680
1190700225872027648
1190698355610906625
1190673615894671360
1190669201834311680
1190657790966022144
1190654551734411264
1190647576686551042
1190647198028943360
1190646689805135872
1190645687957934087
1190640645423001600
1190640586002272256
1190638373582467072
1190636163184259072
1190633465164681220
1190625427838001152
1190624566193688577
1190620515653709824
1190615323252101120
1190606758483357696
1190603196466630656
1190602871768678400
1190602087001755648
1190588662750121985
1190588336353632257
1190582035506614272
1190577698805964801
1190574982499201024
1190572603305426945
1190570347319349248
1190569705410400256
1190560248072818688
1190560124416299009
1190558890556977152
1190556963031023616
1190552080928296960
1190547956006453248
1190542585162416128
1190526027476299776
1190519618374230016
1190519195538079746
1190508311256240128
1190507254820163584
1190505899384721408
1190500483439284225
1190500444872691712
1190500039040196608
1190499971478384641
1190482076073463809
1190464000821092353
1190428130478919681
1190422178581245953
1190403141465853952
1190378464332767232
1190358096209534976
1190352161088999424
1190327409691643904
1190325384576790528
1190312577504432128
1190312288651108353
1190295198489726976
1190290437304532992
1190282844062416897
1190278774165606400
1190268028421693442
1190245269025120259
1190244943538733058
1190236667451363330
1190233289828814848
1190233286221717507
1190213295061508097
1190208387167842306
1190204877521113088
1190201419967520768
1190201010376953856
1190195482376564736
1190182965508108291
1190181537280430080
1190178307175669760
1190169975329181696
1190163447465381888
1190104782393921536
1190080989038465025
1190073840015032320
1190051452502204417
1190048844286840832
1189945306600730624
1189930932058218496
1189922916806168578
1189922852671111168
1189921657516777472
1189921100362219521
1189918027262808068
1189906882023968770
1189897882708537344
1189894231969521664
1189892829864058880
1189892307496996864
1189887004772712448
1189882644894371840
1189881727306498048
1189879745275518976
1189873383988551680
1189868241415331840
1189867053936590850
1189862463992295424
1189851558822858753
1189848771779149825
1189846600383791106
1189843753818681344
1189838519671197696
1189833226916777984
1189832171768315905
1189831375810990080
1189830982142054400
1189823602817818625
1189817401363202048
1189815053131763712
1189808304689598464
1189801127300096000
1189798733904367617
1189768472567271425
1189751919566147585
1189743106213601280
1189737546487488512
1189733599244763136
1189729738949976071
1189724534108282880
1189713814612103168
1189712662579433472
1189705553787797504
1189695710712614914
1189693466202132480
1189690800751308800
1189688575752691712
1189684976997945344
1189683743067258881
1189683053196505088
1189655502591905794
1189622728338182144
1189597165200392192
1189582413359239169
1189581799334113280
1189579427262283776
1189577712278462464
1189577106277036033
1189563909134376962
1189558053261037570
1189554188025417728
1189554157503385607
1189549080919232518
1189545314203516930
1189542207067262976
1189538990438768642
1189535667748892672
1189535242706505730
1189533319395823616
1189529595319439361
1189529096604139522
1189528787228057601
1189527474763288578
1189525990965465088
1189525781694648320
1189525113156194305
1189522262895890432
1189521721000222721
1189517199288832000
1189514883324235778
1189513446951276548
1189510977248587776
1189505127675072512
1189501488592117760
1189494167581286400
1189493790551101440
1189490004189310977
1189486482542579712
1189472714752290816
1189464349137522688
1189461795188006912
1189453437122961409
1189439376905789440
1189433018986795010
1189429148562776064
1189424515131920384
1189423939354685440
1189396380298575875
1189390164625260544
1189388623948333056
1189388048544325632
1189377624599973890
1189372388862873600
1189326467567673346
1189309636253491201
1189302467009433610
1189271427649810439
1189266471907663874
1189236823261876224
1189217486538981379
1189196704425185282
1189196666957529088
1189196464754315266
1189189751594598404
1189183162972131332
1189182034473676800
1189172370965069825
1189162356116312064
1189158015582126082
1189148595611561984
1189147156273217538
1189146648271699968
1189146455388246017
1189145975060697088
1189143550727864320
1189143449917784069
1189141205331804160
1189138829476675585
1189138781087027200
1189138738883874817
1189123055932469248
1189122300546670592
1189122176940568576
1189120475093291008
1189117875467931649
1189115601848918017
1189114251987677184
1189104812190818315
1189102806851940353
1189102290067582977
1189094739703844864
1189040387819749376
1189009243795410944
1188950915132166146
1188946344712511494
1188942354272542720
1188936364961648640
1188925288811380736
1188873791360733184
1188863737546985476
1188860933956718592
1188841819397746695
1188838392705863681
1188837034003025923
1188826745966694402
1188819227878150145
1188808557564530688
1188808251753652225
1188804336534446086
1188797971040624643
1188797288535060480
1188794814608756737
1188793543818539008
1188791912431411200
1188791213387735041
1188783029478539265
1188779117996433415
1188777663894151169
1188776633487855618
1188776352498847744
1188775869449261056
1188773301235044353
1188773286869524486
1188767592430764032
1188766693272637440
1188765305431937025
1188764394919841793
1188760071481638914
1188758354648162305
1188758193536503808
1188758125035151361
1188757977567641601
1188757590852812801
1188748396502237184
1188745526906245121
1188742198973452288
1188740183039983616
1188734133171712001
1188729027386728448
1188720293251928065
1188714068128890880
1188709549194149888
1188700077960749057
1188695067755601925
1188688219623153666
1188679508473217024
1188658932333633537
1188656047382089728
1188653507525537792
1188638667100717056
1188620025768247296
1188562230473715712
1188536755852472320
1188525844366422016
1188502293122965504
1188492875585093632
1188480945566797826
1188480365226160128
1188474273326780416
1188463426214825986
1188454657741316096
1188454110451814401
1188444274712444929
1188441858336161792
1188439659577085952
1188432764736962560
1188426293534003200
1188421623335940096
1188420619701932032
1188419665816510465
1188418317888843778
1188416107826147334
1188411897000841218
1188410008817541120
1188402799752572928
1188384875595759618
1188384792586244097
1188384552885948416
1188384382974709761
1188375539452534784
1188363548172271616
1188362583587188736
1188361587922354176
1188354002913619968
1188348758192377857
1188343502884626432
1188317537370427392
1188312898134654977
1188305539899355141
1188302038574096385
1188215726923907077
1188179120615645184
1188090390735310850
1188083253430779909
1188081167334948864
1188075634636943360
1188071969113034754
1188066531038527489
1188032363244113920
1187976241523187712
1187944529187364864
1187943188863971329
1187940139076440066
1187892716262318080
1187865183919587331
1187842076186038272
1187812711926681600
1187794628868575237
1187742588440403972
1187726122915512321
1187722315657728001
1187721790610534401
1187693106965049347
1187692234398814209
1187679146052214786
1187677566485708800
1187676369607487489
1187672191384506368
1156366163451842560
